$ANSIBLE_VAULT;1.1;AES256
62363261313338616135643232666639343633613563643666623538626435376632353133326566
3264326265613563666531383739323631613537663363330a316266306265643835653033633964
61303731363339643161386263623534303234623630383337636530316466323033336561643237
6637353839333164620a656431653533353530653232653661306461303730363463646439306432
64313763343336343139643136373831333161303864396138383565646337306538396332333436
33316431663337616637633962303961646163666438343439643833383034393632373331323032
36323637653235323963333861363639613337323365653235653764633136356437303533373565
36633935323434633762333832353533316331353737633733386166316137613065353738653038
39653362656661376636376666393531353434393039313830333964386137323739613137333832
34353633633233383338323563356537393239386664313438343161336634386664663531633164
35343837393263353832393662616639343038643366303364623936366437323137323631666363
33363561383562333738643664333337643464393366303230386238373966663032333837613935
64623434626530383330363330353466613930613838333434303839623239343236653436326561
31353763333538356134626461656331313730333931373732333036346139643637383732663661
66656633396234376363656236623933663864376161393033393463633837656531346565386363
63343932323164633031643766613438643036326332636135306638306532663263376130646663
65616463643435393937333566366164653131333237323366396136396635626132386636613831
38383463653333323436623037333965376131336166326361366533393437343531343133393437
37656463333839623231646332643564653166316231663030633462323566323833333636366366
65336633323839353534363836633435663263623461663235396562633032343739346139623865
35653538316230623734313738363033313639613032353364343032326531343137336466373862
38353133663037373638396464366163303862346465613530373764656236333038336331373866
36393038646261653766343565393862313063393234376232643564383737663462303430613438
38323137346431313634663063383765333139366664396531376637333362373232666234613033
36343936386262646433333465363964316339636438333066616531653639383238
